0001  3  8  -06  -11 1 3
0002  2  7  -11  -16 1 3
0003  2  1  -16  -15 0 1
0004  8  7  -15  -14 0 1
0005  3  5  -14  -16 1 3
0006  4  7  -16  -19 1 3
0007  2  9  -19  -26 1 3
0008  9  2  -26  -19 0 1
0009  0  7  -19  -26 1 3
0010  4  4  -26  -26 2 0
0011  6  0  -26  -20 0 1
0012  8  7  -20  -19 0 1
0013  3  6  -19  -22 1 3
0014  5  8  -22  -25 1 3
0015  0  7  -25  -32 1 3
0016  9  6  -32  -29 0 1
0017  3  8  -29  -34 1 3
0018  2  1  -34  -33 0 1
0019  1  4  -33  -36 1 3
0020  2  1  -36  -35 0 1
0021  9  9  -35  -35 2 0
0022  9  4  -35  -30 0 1
0023  1  0  -30  -29 0 1
0024  7  9  -29  -31 1 3
0025  7  3  -31  -27 0 1
0026  6  7  -27  -28 1 3
0027  4  1  -28  -25 0 1
0028  4  5  -25  -26 1 3
0029  6  9  -26  -29 1 3
0030  5  2  -29  -26 0 1
0031  3  4  -26  -27 1 3
0032  6  7  -27  -28 1 3
0033  2  4  -28  -30 1 3
0034  4  2  -30  -28 0 1
0035  3  9  -28  -34 1 3
0036  6  1  -34  -29 0 1
0037  2  9  -29  -36 1 3
0038  3  4  -36  -37 1 3
0039  9  9  -37  -37 2 0
0040  9  5  -37  -33 0 1
0041  1  0  -33  -32 0 1
0042  4  0  -32  -28 0 1
0043  1  3  -28  -30 1 3
0044  6  8  -30  -32 1 3
0045  9  7  -32  -30 0 1
0046  2  9  -30  -37 1 3
0047  9  5  -37  -33 0 1
0048  2  2  -33  -33 2 0
0049  4  1  -33  -30 0 1
0050  1  9  -30  -38 1 3
0051  4  7  -38  -41 1 3
0052  7  6  -41  -40 0 1
0053  6  7  -40  -41 1 3
0054  6  8  -41  -43 1 3
0055  5  3  -43  -41 0 1
0056  7  7  -41  -41 2 0
0057  0  7  -41  -48 1 3
0058  8  6  -48  -46 0 1
0059  3  0  -46  -43 0 1
0060  9  6  -43  -40 0 1
0061  3  6  -40  -43 1 3
0062  4  8  -43  -47 1 3
0063  3  6  -47  -50 1 3
0064  3  8  -50  -55 1 3
0065  7  5  -55  -53 0 1
0066  1  8  -53  -60 1 3
0067  9  5  -60  -56 0 1
0068  1  3  -56  -58 1 3
0069  9  0  -58  -49 0 1
0070  0  6  -49  -55 1 3
0071  3  2  -55  -54 0 1
0072  0  4  -54  -58 1 3
0073  9  4  -58  -53 0 1
0074  3  2  -53  -52 0 1
0075  7  2  -52  -47 0 1
0076  5  1  -47  -43 0 1
0077  3  4  -43  -44 1 3
0078  0  2  -44  -46 1 3
0079  6  3  -46  -43 0 1
0080  9  8  -43  -42 0 1
0081  3  7  -42  -46 1 3
0082  0  5  -46  -51 1 3
0083  9  6  -51  -48 0 1
0084  9  8  -48  -47 0 1
0085  4  7  -47  -50 1 3
0086  1  3  -50  -52 1 3
0087  8  4  -52  -48 0 1
0088  3  6  -48  -51 1 3
0089  6  5  -51  -50 0 1
0090  2  6  -50  -54 1 3
0091  4  1  -54  -51 0 1
0092  0  1  -51  -52 1 3
0093  8  2  -52  -46 0 1
0094  7  4  -46  -43 0 1
0095  0  0  -43  -43 2 0
0096  9  8  -43  -42 0 1
0097  5  7  -42  -44 1 3
0098  5  2  -44  -41 0 1
0099  4  9  -41  -46 1 3
0100  0  3  -46  -49 1 3
