0001  3  6  000  -03 1 3
0002  3  5  -03  -05 1 3
0003  9  1  -05  003 0 1
0004  0  9  003  -06 1 3
0005  0  6  -06  -12 1 3
0006  1  8  -12  -19 1 3
0007  2  0  -19  -17 0 1
0008  7  5  -17  -15 0 1
0009  2  8  -15  -21 1 3
0010  3  6  -21  -24 1 3
0011  9  3  -24  -18 0 1
0012  4  7  -18  -21 1 3
0013  5  0  -21  -16 0 1
0014  1  0  -16  -15 0 1
0015  2  0  -15  -13 0 1
0016  5  5  -13  -13 2 0
0017  6  5  -13  -12 0 1
0018  3  7  -12  -16 1 3
0019  2  5  -16  -19 1 3
0020  4  4  -19  -19 2 0
0021  7  8  -19  -20 1 3
0022  8  4  -20  -16 0 1
0023  4  9  -16  -21 1 3
0024  6  8  -21  -23 1 3
0025  6  6  -23  -23 2 0
0026  5  0  -23  -18 0 1
0027  7  1  -18  -12 0 1
0028  7  2  -12  -07 0 1
0029  1  0  -07  -06 0 1
0030  5  9  -06  -10 1 3
0031  0  9  -10  -19 1 3
0032  7  1  -19  -13 0 1
0033  9  7  -13  -11 0 1
0034  7  3  -11  -07 0 1
0035  6  3  -07  -04 0 1
0036  8  1  -04  003 0 1
0037  3  9  003  -03 1 3
0038  8  5  -03  000 0 1
0039  6  3  000  003 0 1
0040  6  1  003  008 0 1
0041  9  8  008  009 0 1
0042  1  0  009  010 0 1
0043  4  4  010  010 2 0
0044  7  6  010  011 0 1
0045  7  5  011  013 0 1
0046  2  1  013  014 0 1
0047  5  7  014  012 1 3
0048  8  5  012  015 0 1
0049  5  3  015  017 0 1
0050  3  1  017  019 0 1
0051  6  4  019  021 0 1
0052  3  8  021  016 1 3
0053  4  8  016  012 1 3
0054  9  7  012  014 0 1
0055  4  3  014  015 0 1
0056  0  9  015  006 1 3
0057  4  0  006  010 0 1
0058  4  6  010  008 1 3
0059  2  4  008  006 1 3
0060  5  4  006  007 0 1
0061  2  8  007  001 1 3
0062  6  8  001  -01 1 3
0063  1  0  -01  000 0 1
0064  1  0  000  001 0 1
0065  0  6  001  -05 1 3
0066  2  5  -05  -08 1 3
0067  2  8  -08  -14 1 3
0068  2  4  -14  -16 1 3
0069  2  9  -16  -23 1 3
0070  8  1  -23  -16 0 1
0071  1  0  -16  -15 0 1
0072  0  3  -15  -18 1 3
0073  9  6  -18  -15 0 1
0074  3  8  -15  -20 1 3
0075  6  6  -20  -20 2 0
0076  0  4  -20  -24 1 3
0077  6  7  -24  -25 1 3
0078  9  8  -25  -24 0 1
0079  8  2  -24  -18 0 1
0080  6  0  -18  -12 0 1
0081  6  1  -12  -07 0 1
0082  1  5  -07  -11 1 3
0083  1  4  -11  -14 1 3
0084  0  7  -14  -21 1 3
0085  7  0  -21  -14 0 1
0086  0  4  -14  -18 1 3
0087  6  1  -18  -13 0 1
0088  2  2  -13  -13 2 0
0089  5  5  -13  -13 2 0
0090  0  2  -13  -15 1 3
0091  8  0  -15  -07 0 1
0092  9  1  -07  001 0 1
0093  2  5  001  -02 1 3
0094  9  9  -02  -02 2 0
0095  0  5  -02  -07 1 3
0096  9  4  -07  -02 0 1
0097  1  7  -02  -08 1 3
0098  1  4  -08  -11 1 3
0099  4  2  -11  -09 0 1
0100  4  1  -09  -06 0 1
