0001  2  0  -06  -04 0 5
0002  6  6  -04  -04 2 6
0003  6  2  -04  000 0 5
0004  7  2  000  005 0 5
0005  4  0  005  009 0 5
0006  6  4  009  011 0 5
0007  8  9  011  010 1 3
0008  5  4  010  011 0 5
0009  7  0  011  018 0 5
0010  8  7  018  019 0 5
0011  9  4  019  024 0 5
0012  6  2  024  028 0 5
0013  4  3  028  029 0 5
0014  9  1  029  037 0 5
0015  2  1  037  038 0 5
0016  7  0  038  045 0 5
0017  0  9  045  036 1 3
0018  8  0  036  044 0 5
0019  4  6  044  042 1 3
0020  8  5  042  045 0 5
0021  8  4  045  049 0 5
0022  5  4  049  050 0 5
0023  7  9  050  048 1 3
0024  9  6  048  051 0 5
0025  5  3  051  053 0 5
0026  5  3  053  055 0 5
0027  2  5  055  052 1 3
0028  0  8  052  044 1 3
0029  5  4  044  045 0 5
0030  8  1  045  052 0 5
0031  3  0  052  055 0 5
0032  6  6  055  055 2 6
0033  1  5  055  051 1 3
0034  9  4  051  056 0 5
0035  1  9  056  048 1 3
0036  9  2  048  055 0 5
0037  6  8  055  053 1 3
0038  1  9  053  045 1 3
0039  1  8  045  038 1 3
0040  4  3  038  039 0 5
0041  0  4  039  035 1 3
0042  8  2  035  041 0 5
0043  3  0  041  044 0 5
0044  2  5  044  041 1 3
0045  5  6  041  040 1 3
0046  7  1  040  046 0 5
0047  9  4  046  051 0 5
0048  9  3  051  057 0 5
0049  7  8  057  056 1 3
0050  2  5  056  053 1 3
0051  5  0  053  058 0 5
0052  7  0  058  065 0 5
0053  8  9  065  064 1 3
0054  2  3  064  063 1 3
0055  7  6  063  064 0 5
0056  9  2  064  071 0 5
0057  2  9  071  064 1 3
0058  6  3  064  067 0 5
0059  5  2  067  070 0 5
0060  3  5  070  068 1 3
0061  6  6  068  068 2 6
0062  0  6  068  062 1 3
0063  2  1  062  063 0 5
0064  3  6  063  060 1 3
0065  7  8  060  059 1 3
0066  3  2  059  060 0 5
0067  7  1  060  066 0 5
0068  8  0  066  074 0 5
0069  7  5  074  076 0 5
0070  3  9  076  070 1 3
0071  1  8  070  063 1 3
0072  6  5  063  064 0 5
0073  5  5  064  064 2 6
0074  0  8  064  056 1 3
0075  2  6  056  052 1 3
0076  8  4  052  056 0 5
0077  9  5  056  060 0 5
0078  7  9  060  058 1 3
0079  9  4  058  063 0 5
0080  1  8  063  056 1 3
0081  6  2  056  060 0 5
0082  1  9  060  052 1 3
0083  7  4  052  055 0 5
0084  0  6  055  049 1 3
0085  4  4  049  049 2 6
0086  5  0  049  054 0 5
0087  6  5  054  055 0 5
0088  6  6  055  055 2 6
0089  8  5  055  058 0 5
0090  6  5  058  059 0 5
0091  1  4  059  056 1 3
0092  2  1  056  057 0 5
0093  5  0  057  062 0 5
0094  2  8  062  056 1 3
0095  4  9  056  051 1 3
0096  7  4  051  054 0 5
0097  1  4  054  051 1 3
0098  9  8  051  052 0 5
0099  4  9  052  047 1 3
0100  3  5  047  045 1 3
