0001  2  0  096  098 0 5
0002  6  6  098  098 2 6
0003  6  2  098  102 0 5
0004  7  2  102  107 0 5
0005  4  0  107  111 0 5
0006  6  4  111  113 0 5
0007  8  9  113  112 1 3
0008  5  4  112  113 0 5
0009  7  0  113  120 0 5
0010  8  7  120  121 0 5
0011  9  4  121  126 0 5
0012  6  2  126  130 0 5
0013  4  3  130  131 0 5
0014  9  1  131  139 0 5
0015  2  1  139  140 0 5
0016  7  0  140  147 0 5
0017  0  9  147  138 1 3
0018  8  0  138  146 0 5
0019  4  6  146  144 1 3
0020  8  5  144  147 0 5
0021  8  4  147  151 0 5
0022  5  4  151  152 0 5
0023  7  9  152  150 1 3
0024  9  6  150  153 0 5
0025  5  3  153  155 0 5
0026  5  3  155  157 0 5
0027  2  5  157  154 1 3
0028  0  8  154  146 1 3
0029  5  4  146  147 0 5
0030  8  1  147  154 0 5
0031  3  0  154  157 0 5
0032  6  6  157  157 2 6
0033  1  5  157  153 1 3
0034  9  4  153  158 0 5
0035  1  9  158  150 1 3
0036  9  2  150  157 0 5
0037  6  8  157  155 1 3
0038  1  9  155  147 1 3
0039  1  8  147  140 1 3
0040  4  3  140  141 0 5
0041  0  4  141  137 1 3
0042  8  2  137  143 0 5
0043  3  0  143  146 0 5
0044  2  5  146  143 1 3
0045  5  6  143  142 1 3
0046  7  1  142  148 0 5
0047  9  4  148  153 0 5
0048  9  3  153  159 0 5
0049  7  8  159  158 1 3
0050  2  5  158  155 1 3
0051  5  0  155  160 0 5
0052  7  0  160  167 0 5
0053  8  9  167  166 1 3
0054  2  3  166  165 1 3
0055  7  6  165  166 0 5
0056  9  2  166  173 0 5
0057  2  9  173  166 1 3
0058  6  3  166  169 0 5
0059  5  2  169  172 0 5
0060  3  5  172  170 1 3
0061  6  6  170  170 2 6
0062  0  6  170  164 1 3
0063  2  1  164  165 0 5
0064  3  6  165  162 1 3
0065  7  8  162  161 1 3
0066  3  2  161  162 0 5
0067  7  1  162  168 0 5
0068  8  0  168  176 0 5
0069  7  5  176  178 0 5
0070  3  9  178  172 1 3
0071  1  8  172  165 1 3
0072  6  5  165  166 0 5
0073  5  5  166  166 2 6
0074  0  8  166  158 1 3
0075  2  6  158  154 1 3
0076  8  4  154  158 0 5
0077  9  5  158  162 0 5
0078  7  9  162  160 1 3
0079  9  4  160  165 0 5
0080  1  8  165  158 1 3
0081  6  2  158  162 0 5
0082  1  9  162  154 1 3
0083  7  4  154  157 0 5
0084  0  6  157  151 1 3
0085  4  4  151  151 2 6
0086  5  0  151  156 0 5
0087  6  5  156  157 0 5
0088  6  6  157  157 2 6
0089  8  5  157  160 0 5
0090  6  5  160  161 0 5
0091  1  4  161  158 1 3
0092  2  1  158  159 0 5
0093  5  0  159  164 0 5
0094  2  8  164  158 1 3
0095  4  9  158  153 1 3
0096  7  4  153  156 0 5
0097  1  4  156  153 1 3
0098  9  8  153  154 0 5
0099  4  9  154  149 1 3
0100  3  5  149  147 1 3
