0001  2  0  045  047 0 5
0002  6  6  047  047 2 6
0003  6  2  047  051 0 5
0004  7  2  051  056 0 5
0005  4  0  056  060 0 5
0006  6  4  060  062 0 5
0007  8  9  062  061 1 3
0008  5  4  061  062 0 5
0009  7  0  062  069 0 5
0010  8  7  069  070 0 5
0011  9  4  070  075 0 5
0012  6  2  075  079 0 5
0013  4  3  079  080 0 5
0014  9  1  080  088 0 5
0015  2  1  088  089 0 5
0016  7  0  089  096 0 5
0017  0  9  096  087 1 3
0018  8  0  087  095 0 5
0019  4  6  095  093 1 3
0020  8  5  093  096 0 5
0021  8  4  096  100 0 5
0022  5  4  100  101 0 5
0023  7  9  101  099 1 3
0024  9  6  099  102 0 5
0025  5  3  102  104 0 5
0026  5  3  104  106 0 5
0027  2  5  106  103 1 3
0028  0  8  103  095 1 3
0029  5  4  095  096 0 5
0030  8  1  096  103 0 5
0031  3  0  103  106 0 5
0032  6  6  106  106 2 6
0033  1  5  106  102 1 3
0034  9  4  102  107 0 5
0035  1  9  107  099 1 3
0036  9  2  099  106 0 5
0037  6  8  106  104 1 3
0038  1  9  104  096 1 3
0039  1  8  096  089 1 3
0040  4  3  089  090 0 5
0041  0  4  090  086 1 3
0042  8  2  086  092 0 5
0043  3  0  092  095 0 5
0044  2  5  095  092 1 3
0045  5  6  092  091 1 3
0046  7  1  091  097 0 5
0047  9  4  097  102 0 5
0048  9  3  102  108 0 5
0049  7  8  108  107 1 3
0050  2  5  107  104 1 3
0051  5  0  104  109 0 5
0052  7  0  109  116 0 5
0053  8  9  116  115 1 3
0054  2  3  115  114 1 3
0055  7  6  114  115 0 5
0056  9  2  115  122 0 5
0057  2  9  122  115 1 3
0058  6  3  115  118 0 5
0059  5  2  118  121 0 5
0060  3  5  121  119 1 3
0061  6  6  119  119 2 6
0062  0  6  119  113 1 3
0063  2  1  113  114 0 5
0064  3  6  114  111 1 3
0065  7  8  111  110 1 3
0066  3  2  110  111 0 5
0067  7  1  111  117 0 5
0068  8  0  117  125 0 5
0069  7  5  125  127 0 5
0070  3  9  127  121 1 3
0071  1  8  121  114 1 3
0072  6  5  114  115 0 5
0073  5  5  115  115 2 6
0074  0  8  115  107 1 3
0075  2  6  107  103 1 3
0076  8  4  103  107 0 5
0077  9  5  107  111 0 5
0078  7  9  111  109 1 3
0079  9  4  109  114 0 5
0080  1  8  114  107 1 3
0081  6  2  107  111 0 5
0082  1  9  111  103 1 3
0083  7  4  103  106 0 5
0084  0  6  106  100 1 3
0085  4  4  100  100 2 6
0086  5  0  100  105 0 5
0087  6  5  105  106 0 5
0088  6  6  106  106 2 6
0089  8  5  106  109 0 5
0090  6  5  109  110 0 5
0091  1  4  110  107 1 3
0092  2  1  107  108 0 5
0093  5  0  108  113 0 5
0094  2  8  113  107 1 3
0095  4  9  107  102 1 3
0096  7  4  102  105 0 5
0097  1  4  105  102 1 3
0098  9  8  102  103 0 5
0099  4  9  103  098 1 3
0100  3  5  098  096 1 3
