0001  8  6  000  002 0 4
0002  1  0  002  003 0 4
0003  2  5  003  000 1 6
0004  1  4  000  -03 1 6
0005  2  4  -03  -05 1 6
0006  5  2  -05  -02 0 4
0007  7  7  -02  -02 2 5
0008  7  7  -02  -02 2 5
0009  9  6  -02  001 0 4
0010  4  9  001  -04 1 6
0011  3  5  -04  -06 1 6
0012  7  6  -06  -05 0 4
0013  3  4  -05  -06 1 6
0014  4  4  -06  -06 2 5
0015  0  4  -06  -10 1 6
0016  4  2  -10  -08 0 4
0017  4  0  -08  -04 0 4
0018  6  9  -04  -07 1 6
0019  1  7  -07  -13 1 6
0020  5  1  -13  -09 0 4
0021  6  2  -09  -05 0 4
0022  0  4  -05  -09 1 6
0023  2  2  -09  -09 2 5
0024  5  1  -09  -05 0 4
0025  0  3  -05  -08 1 6
0026  0  2  -08  -10 1 6
0027  2  0  -10  -08 0 4
0028  3  6  -08  -11 1 6
0029  0  5  -11  -16 1 6
0030  9  9  -16  -16 2 5
0031  4  4  -16  -16 2 5
0032  6  0  -16  -10 0 4
0033  5  6  -10  -11 1 6
0034  1  3  -11  -13 1 6
0035  1  3  -13  -15 1 6
0036  5  6  -15  -16 1 6
0037  3  9  -16  -22 1 6
0038  9  0  -22  -13 0 4
0039  4  0  -13  -09 0 4
0040  4  6  -09  -11 1 6
0041  1  0  -11  -10 0 4
0042  5  2  -10  -07 0 4
0043  4  9  -07  -12 1 6
0044  4  2  -12  -10 0 4
0045  7  9  -10  -12 1 6
0046  7  6  -12  -11 0 4
0047  4  6  -11  -13 1 6
0048  0  5  -13  -18 1 6
0049  3  9  -18  -24 1 6
0050  0  0  -24  -24 2 5
0051  3  9  -24  -30 1 6
0052  3  9  -30  -36 1 6
0053  7  2  -36  -31 0 4
0054  4  3  -31  -30 0 4
0055  4  9  -30  -35 1 6
0056  3  4  -35  -36 1 6
0057  5  6  -36  -37 1 6
0058  9  6  -37  -34 0 4
0059  7  6  -34  -33 0 4
0060  6  6  -33  -33 2 5
0061  4  9  -33  -38 1 6
0062  6  7  -38  -39 1 6
0063  5  2  -39  -36 0 4
0064  7  5  -36  -34 0 4
0065  2  4  -34  -36 1 6
0066  8  7  -36  -35 0 4
0067  2  6  -35  -39 1 6
0068  7  8  -39  -40 1 6
0069  8  5  -40  -37 0 4
0070  5  5  -37  -37 2 5
0071  8  0  -37  -29 0 4
0072  4  9  -29  -34 1 6
0073  0  8  -34  -42 1 6
0074  7  2  -42  -37 0 4
0075  4  8  -37  -41 1 6
0076  0  0  -41  -41 2 5
0077  1  2  -41  -42 1 6
0078  9  1  -42  -34 0 4
0079  5  4  -34  -33 0 4
0080  5  9  -33  -37 1 6
0081  3  5  -37  -39 1 6
0082  1  8  -39  -46 1 6
0083  6  9  -46  -49 1 6
0084  0  6  -49  -55 1 6
0085  0  9  -55  -64 1 6
0086  5  0  -64  -59 0 4
0087  6  0  -59  -53 0 4
0088  0  8  -53  -61 1 6
0089  6  0  -61  -55 0 4
0090  6  0  -55  -49 0 4
0091  1  8  -49  -56 1 6
0092  2  9  -56  -63 1 6
0093  1  7  -63  -69 1 6
0094  6  1  -69  -64 0 4
0095  5  4  -64  -63 0 4
0096  5  1  -63  -59 0 4
0097  5  8  -59  -62 1 6
0098  1  4  -62  -65 1 6
0099  3  8  -65  -70 1 6
0100  1  0  -70  -69 0 4
0101  0  3  -69  -72 1 6
0102  2  9  -72  -79 1 6
0103  5  1  -79  -75 0 4
0104  9  4  -75  -70 0 4
0105  0  4  -70  -74 1 6
0106  6  1  -74  -69 0 4
0107  0  4  -69  -73 1 6
0108  0  0  -73  -73 2 5
0109  1  0  -73  -72 0 4
0110  3  3  -72  -72 2 5
0111  7  5  -72  -70 0 4
0112  0  8  -70  -78 1 6
0113  2  9  -78  -85 1 6
0114  5  8  -85  -88 1 6
0115  0  1  -88  -89 1 6
0116  9  0  -89  -80 0 4
0117  5  1  -80  -76 0 4
0118  9  7  -76  -74 0 4
0119  6  9  -74  -77 1 6
0120  7  5  -77  -75 0 4
0121  2  5  -75  -78 1 6
0122  9  2  -78  -71 0 4
0123  3  1  -71  -69 0 4
0124  0  1  -69  -70 1 6
0125  5  3  -70  -68 0 4
0126  3  2  -68  -67 0 4
0127  3  8  -67  -72 1 6
0128  8  8  -72  -72 2 5
0129  6  3  -72  -69 0 4
0130  6  8  -69  -71 1 6
0131  3  5  -71  -73 1 6
0132  3  6  -73  -76 1 6
0133  3  3  -76  -76 2 5
0134  5  4  -76  -75 0 4
0135  5  9  -75  -79 1 6
0136  1  7  -79  -85 1 6
0137  2  2  -85  -85 2 5
0138  6  3  -85  -82 0 4
0139  6  5  -82  -81 0 4
0140  2  9  -81  -88 1 6
0141  1  4  -88  -91 1 6
0142  7  4  -91  -88 0 4
0143  3  3  -88  -88 2 5
0144  7  1  -88  -82 0 4
0145  8  1  -82  -75 0 4
0146  6  8  -75  -77 1 6
0147  2  1  -77  -76 0 4
0148  8  1  -76  -69 0 4
0149  3  0  -69  -66 0 4
0150  2  4  -66  -68 1 6
0151  2  4  -68  -70 1 6
0152  6  7  -70  -71 1 6
0153  0  1  -71  -72 1 6
0154  2  0  -72  -70 0 4
0155  9  2  -70  -63 0 4
0156  2  8  -63  -69 1 6
0157  0  2  -69  -71 1 6
0158  1  3  -71  -73 1 6
0159  7  5  -73  -71 0 4
0160  8  5  -71  -68 0 4
